# oST version 5.0 parameters


[image]

width
640

height
480

[narrow_stereo]

camera matrix
656.589919 0.000000 313.350519
0.000000 657.520922 281.687540
0.000000 0.000000 1.000000

distortion
0.016745 -0.075666 0.020520 -0.005105 0.000000

rectification
1.000000 0.000000 0.000000
0.000000 1.000000 0.000000
0.000000 0.000000 1.000000

projection
661.576416 0.000000 310.107596 0.000000
0.000000 655.245728 288.292379 0.000000
0.000000 0.000000 1.000000 0.000000
